1	inf	-nan	inf
1001	0.0852018	0.136986	4.48879
2001	0.049635	0.0506912	2.92117
3001	0.0233677	0.0260047	2.06254
4001	0.015343	0.01875	1.80551
5001	0.0114017	0.0141176	1.67706
6001	0.0090715	0.011236	1.60112
7001	0.00751547	0.00933126	1.54752
8001	0.00643574	0.008	1.51448
9001	0.00560316	0.00698487	1.48336
10001	0.00498388	0.00622407	1.46599
11001	0.00446839	0.00562852	1.44579
12001	0.0040597	0.00510421	1.43296
13001	0.00371869	0.00470219	1.42196
14001	0.00342604	0.00432432	1.41082
15001	0.00318322	0.00402414	1.40446
16001	0.00296658	0.00375587	1.39613
17001	0.00278096	0.00352734	1.39056
18001	0.00261418	0.00332502	1.38405
19001	0.00246967	0.00313398	1.38018
20001	0.00233822	0.00296809	1.37549
21001	0.00221932	0.00282952	1.37082
22001	0.00211416	0.00291807	1.36805
23001	0.0020202	0.00278611	1.36667
24001	0.00193149	0.00267765	1.36346
25001	0.00184964	0.00256208	1.36008
26001	0.00177518	0.00245979	1.35754
27001	0.00170674	0.00236364	1.3554
28001	0.00164283	0.0022823	1.35297
29001	0.00158464	0.00237047	1.35165
30001	0.0015296	0.0022887	1.34969
31001	0.00147935	0.00221554	1.34887
32001	0.00143025	0.00214625	1.34616
33001	0.00138617	0.00208178	1.34544
34001	0.00134387	0.00216107	1.34391
35001	0.00130433	0.0020982	1.34273
36001	0.00126757	0.00204026	1.34217
37001	0.00123171	0.00198465	1.34042
38001	0.00119807	0.00193473	1.33905
39001	0.0011661	0.00188419	1.33762
40001	0.00113686	0.00195647	1.33751
41001	0.00110843	0.00191068	1.33667
42001	0.00108139	0.00198204	1.33587
43001	0.00105626	0.0019338	1.33589
44001	0.00103155	0.00189457	1.33498
45001	0.00100723	0.00185064	1.33313
46001	0.000985165	0.00181082	1.3329
47001	0.000963009	0.00177157	1.33125
48001	0.000942533	0.00173187	1.33066
49001	0.000923261	0.0016983	1.33061
50001	0.000904063	0.0017628	1.32953
51001	0.000886409	0.00172596	1.32964
52001	0.000868987	0.00169619	1.32907
53001	0.000851789	0.00166236	1.32781
54001	0.000835566	0.00163295	1.3271
55001	0.000820523	0.00169537	1.32734
56001	0.000805229	0.00166258	1.32628
57001	0.000790955	0.00163216	1.32604
58001	0.000776468	0.001605	1.32459
59001	0.000763068	0.00157585	1.32417
60001	0.000750436	0.00155051	1.32432
61001	0.000737207	0.00152525	1.32266
62001	0.000725519	0.00149996	1.32303
63001	0.000713761	0.0014771	1.32258
64001	0.000702334	0.00153092	1.32206
65001	0.00069145	0.00150648	1.32191
66001	0.000680817	0.00148622	1.32161
67001	0.000670175	0.00146188	1.32066
68001	0.000660143	0.00144113	1.32031
69001	0.000650519	0.00142288	1.32019
70001	0.000640699	0.00140017	1.31911
71001	0.000631501	0.00138074	1.31874
72001	0.000622927	0.00143296	1.31916
73001	0.000613929	0.00141082	1.31816
74001	0.000605661	0.00139165	1.31822
